D0 1 1
3A 1 1
1E 1 1
09 1 1
2B 1 1
04 1 1
47 1 1
30 1 1
89 1 1
5B 1 1
04 1 1
07 1 1
8F 1 1
87 1 1
6E 1 1
57 1 1
43 1 1
2B 1 1
E5 1 1
61 1 1
E9 1 1
FA 1 1
A4 1 1
D8 1 1
57 1 1
AE 1 1
30 1 1
6E 1 1
6E 1 1
11 1 1
3A 1 1
A0 1 1
17 1 1
A4 1 1
71 1 1
FF 1 1
E4 1 1
08 1 1
BE 1 1
C6 1 1
C5 1 1
A1 1 1
40 1 1
EF 1 1
F1 1 1
D8 1 1
8D 1 1
6F 1 1
77 1 1
66 1 1
0E 1 1
A0 1 1
E9 1 1
A1 0 1
38 1 1
AB 1 1
A0 1 1
CB 1 0
49 1 1
C5 1 1
53 1 1
11 1 1
47 1 1
90 1 1
9C 1 1
9E 1 1
A0 1 1
F1 1 1
A9 1 1
64 1 1
63 1 1
1A 1 1
E5 1 1
B0 1 1
23 1 1
60 1 1
B8 1 1
46 1 1
84 1 1
6E 1 1
59 1 1
5C 1 1
40 1 1
4A 1 1
79 1 1
63 1 1
EF 1 1
93 1 1
9C 1 1
CB 1 1
5C 1 1
2C 1 1
57 1 1
39 1 1
9A 1 1
66 1 1
11 1 1
9B 1 1
A0 1 1
10 1 1
AF 1 1
10 1 1
2E 1 1
3B 1 1
DB 1 1
CE 1 1
E4 1 1
84 1 1
D8 1 1
4F 1 1
95 1 1
82 1 1
39 1 1
C5 1 1
5D 1 1
86 1 1
09 1 1
71 1 1
E5 1 1
2B 1 1
A9 1 1
55 1 1
B1 1 1
0A 1 1
D3 1 1
81 1 1
26 1 1
09 1 1
1D 1 1
2A 0 1
7D 1 1
79 1 1
25 1 1
08 1 1
48 1 1
77 1 1
85 1 1
C0 1 1
9E 1 1
F5 1 1
60 1 1
58 1 1
C5 1 1
E9 1 1
9F 1 1
EE 1 1
AF 1 1
C4 1 1
E5 1 1
D3 1 1
B3 1 1
D1 1 1
5D 1 1
97 1 1
80 1 1
E7 1 1
7B 0 1
C0 1 1
1F 1 1
81 1 1
3A 1 1
A7 1 1
EE 1 1
AD 1 1
C4 1 1
05 1 1
1F 1 1
25 1 1
79 1 1
B7 1 0
7C 1 1
CE 1 1
2B 1 1
3D 1 1
1D 1 1
77 1 1
72 1 1
46 1 1
8F 1 1
87 1 1
A0 1 1
70 1 1
A1 1 1
86 1 1
86 1 1
32 1 1
30 1 1
F8 1 1
26 1 1
6C 1 1
90 1 1
D4 1 1
23 1 1
9E 1 1
7D 1 1
26 1 1
2E 1 1
23 1 1
EA 1 1
CE 1 1
7F 1 1
18 1 1
C5 1 1
38 1 1
37 1 1
B7 1 0
A0 1 1
A0 1 1
A9 1 1
D3 1 1
EC 1 1
02 1 1
72 1 1
CE 1 1
0E 1 1
31 1 1
B3 1 1
72 1 1
B7 1 1
83 1 1
71 1 1
D9 1 1
DF 1 1
9E 1 1
A1 1 1
46 1 1
D4 1 1
7D 1 1
84 1 1
45 1 1
37 1 1
AF 1 1
9E 1 1
B3 1 1
E7 1 1
E4 1 1
10 1 1
3D 1 1
24 1 1
2A 1 0
6F 1 1
19 1 1
F8 1 1
C8 1 1
4F 1 1
FE 1 1
40 1 1
2B 1 1
34 1 1
0B 1 1
53 1 1
CE 1 1
34 1 1
72 1 1
FA 1 1
A8 1 1
17 1 0
3B 1 1
6F 1 1
E9 1 1
E4 1 1
20 1 1
43 1 1
DE 1 1
E4 1 1
1E 1 1
E1 1 1
19 1 1
34 1 1
DA 1 1
B1 1 1
26 1 1
7D 1 1
AD 1 1
EB 1 1
09 1 1
E8 1 1
1F 1 1
F1 1 1
86 1 1
28 1 1
71 1 1
82 0 1
4B 1 1
E8 1 1
1E 1 1
E5 1 1
27 1 1
FA 1 1
09 1 1
88 1 1
4D 0 1
87 1 1
7C 1 1
3E 1 1
A1 1 1
1A 1 1
04 1 1
D0 1 1
EC 1 1
EE 1 1
20 1 1
D3 1 1
F1 1 1
31 1 1
B5 1 1
66 1 1
A0 1 1
93 1 1
A8 1 1
D3 1 1
A1 1 1
EE 1 1
1B 1 1
FE 1 1
7F 1 1
24 1 1
AA 1 1
60 1 1
E7 1 1
85 1 1
F5 1 0
A9 1 1
46 1 1
03 1 1
26 1 1
87 1 1
D4 1 1
2F 1 1
F8 1 1
55 1 1
E8 1 1
21 1 1
D1 1 1
1B 1 1
05 1 1
88 1 1
9F 1 1
E8 1 1
02 1 1
F5 1 1
FE 1 1
B5 1 1
1E 1 1
04 1 1
34 1 1
7F 1 1
55 1 1
43 1 1
E5 1 1
20 1 1
D0 1 1
A0 1 1
7F 1 1
A1 1 1
DF 1 1
7F 1 1
C5 1 1
4F 1 1
CE 1 1
59 1 1
10 1 1
6D 1 1
71 1 1
C6 1 1
A9 1 1
20 1 1
5C 1 1
3B 1 1
7C 1 1
7F 1 1
2A 1 1
75 1 1
FA 1 1
EE 1 1
9A 1 1
BE 1 1
E1 1 1
B3 1 1
E5 1 1
EE 1 1
16 1 1
C8 1 1
A0 1 1
B5 1 1
E0 1 1
48 1 1
B7 1 1
86 1 1
1F 1 1
59 1 1
A8 1 1
A4 1 1
CD 1 1
53 1 1
B7 1 1
03 1 1
61 1 1
B3 1 1
05 1 1
E7 1 1
D8 1 1
59 1 1
71 1 1
1B 0 1
43 1 1
D8 1 1
1B 1 1
57 1 1
9F 1 1
27 1 1
C1 1 1
7B 1 1
A8 1 1
E9 1 1
EA 1 1
9F 1 1
37 1 1
B8 1 1
CE 1 1
F8 1 1
87 1 1
C8 1 1
B8 1 1
26 1 1
C9 1 1
D3 1 1
EA 1 1
95 1 1
17 1 1
06 1 1
31 1 1
A0 1 1
F9 1 1
E1 1 1
24 1 1
16 1 1
3E 1 1
A8 1 1
E1 1 1
43 1 1
AD 1 1
B7 1 1
04 1 1
8D 1 1
24 1 1
8F 1 1
B4 1 1
9E 1 1
20 1 1
DA 1 1
71 1 1
D4 1 1
04 1 1
D9 1 1
97 1 1
09 1 1
09 1 1
83 1 1
C4 1 1
F1 1 1
6A 1 1
93 1 1
B5 1 1
18 1 1
63 1 1
19 1 1
61 1 1
28 1 1
19 1 1
9F 1 1
B7 1 1
F1 1 1
A6 1 1
9F 1 1
24 1 1
A3 1 1
88 1 1
F4 1 1
5C 1 1
17 1 1
75 1 1
1B 1 0
AD 1 1
91 1 1
0A 1 1
61 1 1
88 1 1
66 1 1
